101,'5596',911,,223,12,4,,0,100,,224,12,4,,0,100,,225,12,4,,0,100,,226,12,4,,0,100,,227,12,4,,0,100,,228,12,4,,0,100,,229,12,4,,0,100,,230,12,4,,0,100,,221,12,4,,0,100,,222,12,4,,0
101,'5668',711,,231,12,4,,0,100,,232,12,4,,0,100,,233,12,4,,0,30,,246,12,4,,0,70,,234,12,4,,0,30,,247,12,4,,0,70,,235,12,4,,0,100,,236,12,4,,0,100,,237,12,4,,0,30,,248,12,4,,0,70,,238,12,4,,0,100,,239,12,4,,0,30,,249,12,4,,0,70,,240,12,4,,0,100,,241,12,4,,0,100,,242,12,4,,0,100,,243,12,4,,0,100,,244,12,4,,0,100,,245,12,4,,0,100,,250,12,4,,0
101,'5669',711,,252,12,4,,0,100,,253,12,4,,0,100,,251,12,4,,0,100,,254,12,4,,0,100,,255,12,4,,0,100,,256,12,4,,0,100,,257,12,4,,0,100,,258,12,4,,0,100,,259,12,4,,0,100,,260,12,4,,0,100,,261,12,4,,0,100,,262,12,4,,0,100,,263,12,4,,0,100,,264,12,4,,0,100,,265,12,4,,0,100,,266,12,4,,0
200,'5596',830,,269,1,,,0,100,,270,1,,,0,100,,271,1,,,0,100,,276,1,,,0,100,,272,1,,,0,100,,273,1,,,0,100,,274,1,,,0,100,,275,1,,,0,100,,268,1,,,0,100,,267,1,,,0
200,'5668',630,,278,1,,,0,200,,277,1,,,0,100,,279,1,,,0,100,,280,1,,,0,200,,288,1,,,0,100,,281,1,,,0,100,,282,1,,,0,100,,283,1,,,0,100,,284,1,,,0,200,,285,1,,,0,100,,286,1,,,0,100,,287,1,,,0,100,,289,1,,,0
200,'5669',630,,290,1,,,0,200,,291,1,,,0,100,,292,1,,,0,100,,293,1,,,0,200,,294,1,,,0,100,,295,1,,,0,100,,296,1,,,0,100,,297,1,,,0,100,,298,1,,,0,200,,299,1,,,0,100,,300,1,,,0,100,,301,1,,,0,100,,302,1,,,0
301,'5596',815,,304,1,,,0,11,,304,20,4,,0,89,,305,1,,,0,11,,305,20,4,,0,89,,306,1,,,0,11,,306,20,4,,0,89,,312,1,,,0,11,,312,20,4,,0,89,,308,1,,,0,11,,308,20,4,,0,89,,309,1,,,0,11,,309,20,4,,0,89,,310,1,,,0,11,,310,20,4,,0,89,,311,1,,,0,11,,311,20,4,,0,89,,307,1,,,0,11,,307,20,4,,0,89,,303,1,,,0,11,,303,20,4,,0
301,'5668',615,,314,1,,,0,11,,314,20,4,,0,189,,315,1,,,0,11,,315,20,4,,0,89,,313,1,,,0,11,,313,20,4,,0,89,,316,1,,,0,11,,316,20,4,,0,189,,317,1,,,0,11,,317,20,4,,0,89,,318,1,,,0,11,,318,20,4,,0,89,,319,1,,,0,11,,319,20,4,,0,89,,320,1,,,0,11,,320,20,4,,0,89,,321,1,,,0,11,,321,20,4,,0,189,,322,1,,,0,11,,322,20,4,,0,89,,323,1,,,0,11,,323,20,4,,0,89,,324,1,,,0,11,,324,20,4,,0,89,,325,1,,,0,11,,325,20,4,,0,89,,326,1,,,0,11,,326,20,4,,0
301,'5669',615,,327,1,,,0,11,,327,20,4,,0,189,,328,1,,,0,11,,328,20,4,,0,89,,329,1,,,0,11,,329,20,4,,0,89,,330,1,,,0,11,,330,20,4,,0,189,,331,1,,,0,11,,331,20,4,,0,89,,332,1,,,0,11,,332,20,4,,0,89,,333,1,,,0,11,,333,20,4,,0,89,,334,1,,,0,11,,334,20,4,,0,89,,335,1,,,0,11,,335,20,4,,0,189,,336,1,,,0,11,,336,20,4,,0,89,,337,1,,,0,11,,337,20,4,,0,89,,338,1,,,0,11,,338,20,4,,0,89,,339,1,,,0,11,,339,20,4,,0,89,,340,1,,,0,11,,340,20,4,,0
400,'5668',712,,342,1,,,0,100,,344,1,,,0,300,,341,1,,,0,300,,345,1,,,0,300,,343,1,,,0
400,'5669',712,,346,1,,,0,400,,347,1,,,0,600,,348,1,,,0
